9.999999999996385391e-02 9.999999999996385391e-02 9.999999999996385391e-02 9.999999999996385391e-02 9.999999999996385391e-02 9.999999999996385391e-02 9.999999999996385391e-02 9.999999999996385391e-02 9.999999999996385391e-02 9.999999999996385391e-02
9.976921682536563085e-02 9.981147395689039803e-02 9.984586308148321598e-02 9.989250916609410114e-02 9.993738743687799464e-02 1.000460975032775313e-01 1.001028235341825806e-01 1.001329733475489342e-01 1.001848776611693470e-01 1.002767774871105438e-01
9.963411477138210681e-02 9.974388492160372877e-02 9.981613873568950801e-02 9.987584142017598421e-02 9.996155548323920614e-02 1.000537055760631622e-01 1.001132386664750490e-01 1.001627750245692866e-01 1.002481503199087604e-01 1.003905950808943320e-01
9.888656337811708996e-02 9.933606006394841981e-02 9.979343069008979328e-02 9.993831177940398769e-02 1.000637945940493490e-01 1.001522383669675997e-01 1.002373977671916633e-01 1.003466894980299673e-01 1.005432299282885411e-01 1.007022839339162396e-01
9.922963040175242222e-02 9.948197421078634750e-02 9.965597943237036738e-02 9.983026593925636849e-02 9.996751700495001836e-02 1.001017887831088249e-01 1.002116550635006598e-01 1.003094302828141521e-01 1.005045838364084648e-01 1.007071750450528602e-01
9.856247501981339754e-02 9.932288407676138908e-02 9.960696737895063935e-02 9.978235696864996840e-02 9.994393773142831727e-02 1.000818080576671015e-01 1.001888101645397183e-01 1.004277691832819314e-01 1.008641629118682964e-01 1.012188285070347304e-01
9.896988316408106279e-02 9.919815960255605469e-02 9.936475531696542518e-02 9.955186755511291619e-02 9.976513505382220148e-02 1.000590403951737151e-01 1.002868891620585234e-01 1.005725020967866284e-01 1.008807316307894775e-01 1.013510360226536067e-01
9.872500910722339929e-02 9.906301981562315451e-02 9.923543170801624180e-02 9.942869361042973309e-02 9.978191369783147302e-02 1.000647100294272535e-01 1.003915482392698094e-01 1.006780839499909347e-01 1.011144239971150521e-01 1.015171658450708531e-01
9.787024425975666964e-02 9.898723974950507376e-02 9.928799817412232998e-02 9.950037023842384087e-02 9.974776555994255278e-02 1.001026504278466067e-01 1.003956638336089557e-01 1.007707548504478551e-01 1.011444153505957344e-01 1.021928975557556407e-01
9.839545277250533184e-02 9.866443444414942088e-02 9.908818621194964704e-02 9.949211467051796709e-02 1.000206092118593321e-01 1.003117870581594212e-01 1.005205715295977159e-01 1.007742690858086515e-01 1.010655295083798810e-01 1.016670455070725065e-01
9.556025457696430692e-02 9.802564351920481367e-02 9.883373465926299783e-02 9.941073235653351270e-02 1.001997274708860408e-01 1.006480749012286097e-01 1.009900304989120312e-01 1.013850885387585915e-01 1.018944746395492318e-01 1.030522388387033333e-01
9.757259735682202728e-02 9.822793289088797841e-02 9.868377642788477011e-02 9.945331801699310026e-02 9.975936611778402074e-02 1.000237517039203883e-01 1.004860149044809053e-01 1.012384496465698058e-01 1.020131523121453887e-01 1.025416406225161114e-01
9.621330711274535263e-02 9.766157998196560441e-02 9.811382362387084666e-02 9.876543215270494613e-02 9.941119019681440849e-02 9.994010386227522580e-02 1.003487929420690816e-01 1.015825465677099443e-01 1.033024313727343019e-01 1.046607921871058611e-01
9.579315929613994862e-02 9.740897457802069614e-02 9.828228197611578454e-02 9.905906672709809124e-02 9.946965222057904676e-02 1.004524756802820523e-01 1.012380296053454337e-01 1.018066142544967190e-01 1.025961967436772315e-01 1.038935489182491595e-01
9.504028772497502553e-02 9.741759916331169111e-02 9.805984961068976713e-02 9.892868957497671922e-02 9.952760207033749251e-02 1.003070295190649497e-01 1.009188507953061031e-01 1.020002959528977793e-01 1.035444936776180186e-01 1.042553019108241608e-01
9.674941327653575895e-02 9.725332332202084318e-02 9.780259311746930528e-02 9.856061970000265515e-02 9.948426426847990778e-02 1.000507702520839481e-01 1.008463261404231037e-01 1.016153283878551417e-01 1.029441356093415416e-01 1.046932259257905284e-01
9.568313790581554901e-02 9.735584680666299617e-02 9.837109752062506152e-02 9.926984776051540893e-02 9.997790751789227548e-02 1.005241983734721234e-01 1.010938192758414345e-01 1.015849667389064903e-01 1.021127939691017089e-01 1.040263841311683396e-01
9.466669903308762291e-02 9.662269098826277436e-02 9.740809847186474024e-02 9.831206261734765084e-02 9.898252648975096324e-02 1.008121428962193283e-01 1.015886520771317747e-01 1.020625263685624867e-01 1.030351932037845974e-01 1.065094078539911837e-01
9.460361377738001065e-02 9.636041502722406116e-02 9.818717479286666328e-02 9.904042273914137606e-02 9.964822967916388274e-02 1.004777080553876517e-01 1.011662486960513557e-01 1.021112010676520493e-01 1.030895886576689430e-01 1.053153975074678783e-01
9.365138453368460070e-02 9.556185029337806169e-02 9.690686044089172335e-02 9.791408144559274329e-02 9.910930145228427635e-02 1.011532381567954303e-01 1.021421911627663770e-01 1.031348226769559090e-01 1.044625534374271081e-01 1.059637164002264903e-01
9.146962538608112425e-02 9.217227417202017437e-02 9.670895314325622660e-02 9.819619036048829464e-02 9.997253502446859508e-02 1.015041961047388752e-01 1.029279977435328675e-01 1.043348150909140376e-01 1.056676909537632852e-01 1.070457220207353954e-01
9.351704755401145375e-02 9.508128526406149639e-02 9.670597699907353129e-02 9.745913834451132296e-02 9.827762362391237461e-02 9.927327324095999717e-02 1.006708693910824681e-01 1.042253685398653873e-01 1.063454196042821071e-01 1.084439974382445382e-01
8.895537995970612122e-02 9.382012924531947518e-02 9.522268203801242947e-02 9.804110440416261008e-02 9.939036051999114441e-02 1.021172339856032951e-01 1.040350849301126951e-01 1.051494737677552554e-01 1.060334284708504410e-01 1.072351226784823142e-01
9.007756646050647797e-02 9.182000096264369970e-02 9.302963106802132620e-02 9.420484182798578854e-02 9.530781106391901514e-02 9.670564390421741707e-02 1.018679664612296421e-01 1.059559542098075652e-01 1.109158655603856430e-01 1.201147184812757090e-01
8.154816927697799978e-02 8.924435299075735017e-02 9.094460447061121500e-02 9.970400933293210866e-02 1.018931598459242860e-01 1.031139222389217819e-01 1.041082566877798848e-01 1.052406018305967056e-01 1.073944415257201551e-01 1.168084817997841474e-01
9.127687706954194791e-02 9.316155843538259651e-02 9.461158548816116232e-02 9.788222582938300997e-02 9.861283813886008442e-02 9.977798232563073189e-02 1.028162341358061643e-01 1.042860640600883348e-01 1.067015530371697024e-01 1.108730814799758491e-01
8.856370009492949003e-02 9.162775210251089542e-02 9.330070321142298895e-02 9.612643804057603714e-02 9.875894320310607544e-02 1.014823176065418747e-01 1.041126597156410288e-01 1.070805000965710796e-01 1.084298334511111378e-01 1.105171524775934860e-01
8.335710089131995182e-02 9.054300689486181886e-02 9.207584953760189483e-02 9.395914706992962440e-02 9.910844607807818563e-02 1.045510127481974194e-01 1.072251765814236230e-01 1.084715521910094432e-01 1.095202697615709764e-01 1.111884382460075066e-01
7.938842011157176692e-02 9.121953141117031261e-02 9.529049210248333179e-02 9.643330097165711545e-02 9.800336204506275573e-02 9.889104738649845405e-02 9.984789695099204054e-02 1.011535826518681763e-01 1.140200936230667678e-01 1.257522727456300560e-01
7.960949312133583020e-03 8.079504688878306334e-03 8.273262345131671483e-03 8.452247535613062121e-03 8.594163420131518266e-03 8.742581624198574042e-03 8.996365987011513410e-03 9.079929944966837890e-03 9.220159483322967059e-03 9.226008356586048453e-01
6.831891356235016144e-02 7.080156975381410311e-02 8.068362446721599746e-02 9.294398593287044041e-02 9.803967498699199534e-02 1.019956454506106974e-01 1.107358594657959910e-01 1.208633766492691330e-01 1.240035060692933899e-01 1.316138436617848295e-01
2.727093332553453403e-03 2.776433590176683591e-03 2.833873479143096501e-03 2.881325402991808445e-03 2.916073573778719345e-03 2.975108717165857695e-03 3.004664167253767899e-03 3.064597229021767764e-03 3.191469020918530092e-03 9.736293614870124014e-01
2.279567041372708349e-03 2.323341555274603676e-03 2.402968472885184253e-03 2.446985931930128599e-03 2.504855722520270018e-03 2.552004585923822125e-03 2.583126757683420604e-03 2.630818606733305136e-03 2.715956749303048701e-03 9.775603745763759012e-01
2.584789251085436394e-03 2.648991322324715809e-03 2.675110267042777722e-03 2.721998891572552110e-03 2.796811371919396497e-03 2.877596760703678060e-03 3.015575530366801631e-03 3.141806479436217315e-03 3.802558981767440068e-03 9.737347611437852102e-01
1.432430717820015178e-03 1.475920238297371992e-03 1.493314274503592743e-03 1.506698306667681592e-03 1.525015667462565477e-03 1.536486132984413947e-03 1.551181272428931194e-03 1.568356078339616828e-03 1.605418134970232205e-03 9.863051791765254928e-01
1.139327291413275113e-03 1.183619040419276337e-03 1.199541767692091036e-03 1.219559096754301670e-03 1.228340315158978199e-03 1.248949431579068556e-03 1.268875185321299793e-03 1.322417997363868570e-03 1.383862792044003760e-03 9.888055070822786563e-01
8.766136223108914483e-04 9.173800848223301243e-04 9.438625303214555427e-04 9.588587169893618032e-04 9.801083252353140918e-04 9.998164295060827690e-04 1.016894366839509031e-03 1.038606594436188501e-03 1.062637694830445957e-03 9.912052216346978195e-01
6.983113301212317452e-04 7.275827561308386609e-04 7.368296263689250863e-04 7.437353195884807136e-04 7.505392965924500811e-04 7.652971898250393286e-04 7.721534653138226612e-04 7.888020372193915372e-04 8.230141414940500425e-04 9.931937348373468533e-01
5.779711219694603965e-04 5.891447384654723615e-04 6.027876276289386489e-04 6.118921625380089333e-04 6.179211624909000840e-04 6.378245004092489203e-04 6.476491441181566775e-04 6.617669690795541714e-04 6.897816420321584369e-04 9.943632609312342829e-01
4.195718399871232996e-04 4.301764722058149730e-04 4.365605898329578743e-04 4.683345452231957393e-04 4.771178051811562253e-04 4.845764809616707352e-04 4.948238824341936711e-04 5.001534106935811739e-04 5.135108643018521015e-04 9.957751741091790398e-01
3.457474659947280837e-04 3.517327603605697539e-04 3.626791863443498101e-04 3.888421855414038843e-04 4.047069537215939520e-04 4.217781932371245297e-04 4.315554941983830331e-04 4.385791628331010372e-04 4.564079518557861222e-04 9.963979706458989671e-01
2.790198139043718298e-04 2.802633038295128691e-04 2.855316971711953952e-04 2.970200466626162611e-04 3.013964044171747150e-04 3.114162554855105835e-04 3.228303053938165424e-04 3.372901837070942598e-04 3.474134252115359330e-04 9.972378185642030157e-01
2.312264784307126208e-04 2.312470032152993276e-04 2.337475242092285663e-04 2.427716823099866107e-04 2.559390830126360484e-04 2.581707920099455861e-04 2.655513176342070149e-04 2.699648864281669583e-04 2.806437198726127085e-04 9.977307375128717792e-01
1.868462704505681428e-04 1.914486695075888142e-04 1.933447625966307247e-04 2.017763130061378009e-04 2.100845151909783420e-04 2.163561961710655165e-04 2.229513955305064733e-04 2.266324336162496176e-04 2.348679664984911972e-04 9.981156914774482747e-01
1.521222175976359595e-04 1.563194103685330513e-04 1.581569014408522832e-04 1.585997981948118860e-04 1.600483451285890748e-04 1.624409911561452188e-04 1.649093167655592610e-04 1.731116523213323570e-04 1.770118652239475586e-04 9.985372795018085945e-01
1.238390212476172094e-04 1.241492288674353591e-04 1.247458402825760496e-04 1.269003004965563164e-04 1.286651075960870444e-04 1.312105157387684633e-04 1.382255652141947959e-04 1.446316114655422534e-04 1.500123283947833307e-04 9.988076204806894953e-01
1.012128711825441334e-04 1.013423270289142227e-04 1.019228060947390723e-04 1.028525680653207729e-04 1.040386025878042625e-04 1.059145352491402194e-04 1.093491070311163369e-04 1.137878002915613867e-04 1.182220875736002616e-04 9.990413572948962928e-01
8.281528591125472650e-05 8.375169988262326970e-05 8.389476302786922095e-05 8.415473056071632717e-05 8.496552436924012422e-05 8.521428334232228916e-05 8.850771030199343630e-05 9.000702634363073483e-05 9.229456654110795291e-05 9.992243944097105590e-01
6.792837625146370517e-05 6.851259056475945942e-05 6.895631919059758629e-05 7.051463887585422046e-05 7.227068364155505241e-05 7.347883526185225423e-05 7.653149575501579105e-05 7.745090715020327499e-05 7.920170185215635178e-05 9.993451544514537765e-01
5.556983175370071369e-05 5.557184113316467977e-05 5.562621745521220185e-05 5.589735914847628913e-05 5.607851054418910635e-05 5.869689305185153987e-05 6.253172375674924963e-05 6.306249437194709354e-05 6.327967480975196996e-05 9.994736854539679749e-01
4.544814870997237165e-05 4.545090269277513647e-05 4.545702722534636223e-05 4.616334801730572705e-05 4.619407051049993025e-05 4.640125752136935324e-05 4.696843797720881645e-05 4.728644452883544116e-05 5.311984748436112140e-05 9.995775105153207329e-01
